
00000000000000000000001000100011 3
00000000000001001011101111101001 9
11100100010110001010101000000001 81
00001101101000001000101101011011 6561
10011010011010001101111010101001 43046721
01100110010011111111001001100111 324452271
01101110100110101011001010001101 2645627583
01110001111100100111100101111101 223271487
00111100111100110001011111101001 2662540575
10000000100101101111111001011101 319481349
01101110101011110011001011001011 2232743643
01011110100011001000001000111001 448748199
10000001001101110111111111110101 3997723779
01010101110110011111000000010001 3498015369
00001000111110100111011011101101 847541013
00110010001010010001001000111111 4014388803
10110110011101110101101111110101 2684450565
01000111111100011101001111001111 69857277
00011011110111010101101110101111 736401903
01111111101110010000010001011101 524707095
11011100111110101001101011101011 3968341785
00000110000010010110000111100001 245082339
10100011000100101001010011101111 3598197147
11101001101000110010010100010101 3038010621
01110100100100111100010110010011 1312885191
01011101010001110111101010101011 3216378087
00010010110110010001100100100011 1898218329
10000100010011001101010000001101 429767823
01100110100001111010110000001001 1069603737
00110011000101100101110010001011 1190820975
00010011100111110101010110100111 559357917
10101010001000001000100001001101 1647257493
00000000000000000000001000100011 3
00000000000001001011101111101001 9
11100100010110001010101000000001 81
00001101101000001000101101011011 6561
10011010011010001101111010101001 43046721
01100110010011111111001001100111 324452271
01101110100110101011001010001101 2645627583
01110001111100100111100101111101 223271487
00111100111100110001011111101001 2662540575
10000000100101101111111001011101 319481349
01101110101011110011001011001011 2232743643
01011110100011001000001000111001 448748199
10000001001101110111111111110101 3997723779
01010101110110011111000000010001 3498015369
00001000111110100111011011101101 847541013
00110010001010010001001000111111 4014388803
10110110011101110101101111110101 2684450565
01000111111100011101001111001111 69857277
00011011110111010101101110101111 736401903
01111111101110010000010001011101 524707095
11011100111110101001101011101011 3968341785
00000110000010010110000111100001 245082339
10100011000100101001010011101111 3598197147
11101001101000110010010100010101 3038010621
01110100100100111100010110010011 1312885191
01011101010001110111101010101011 3216378087
00010010110110010001100100100011 1898218329
10000100010011001101010000001101 429767823
01100110100001111010110000001001 1069603737
00110011000101100101110010001011 1190820975
00010011100111110101010110100111 559357917
10101010001000001000100001001101 1647257493
00000000000000000000001000100011 3
00000000000001001011101111101001 9
11100100010110001010101000000001 81
00001101101000001000101101011011 6561
10011010011010001101111010101001 43046721
01100110010011111111001001100111 324452271
01101110100110101011001010001101 2645627583
01110001111100100111100101111101 223271487
00111100111100110001011111101001 2662540575
10000000100101101111111001011101 319481349
01101110101011110011001011001011 2232743643
01011110100011001000001000111001 448748199
10000001001101110111111111110101 3997723779
01010101110110011111000000010001 3498015369
00001000111110100111011011101101 847541013
00110010001010010001001000111111 4014388803
10110110011101110101101111110101 2684450565
01000111111100011101001111001111 69857277
00011011110111010101101110101111 736401903
01111111101110010000010001011101 524707095
11011100111110101001101011101011 3968341785
00000110000010010110000111100001 245082339
10100011000100101001010011101111 3598197147
11101001101000110010010100010101 3038010621
01110100100100111100010110010011 1312885191
01011101010001110111101010101011 3216378087
00010010110110010001100100100011 1898218329
10000100010011001101010000001101 429767823
01100110100001111010110000001001 1069603737
00110011000101100101110010001011 1190820975
00010011100111110101010110100111 559357917
10101010001000001000100001001101 1647257493
00000000000000000000001000100011 3
00000000000001001011101111101001 9
11100100010110001010101000000001 81
00001101101000001000101101011011 6561
10011010011010001101111010101001 43046721
01100110010011111111001001100111 324452271
01101110100110101011001010001101 2645627583
01110001111100100111100101111101 223271487
00111100111100110001011111101001 2662540575
10000000100101101111111001011101 319481349
01101110101011110011001011001011 2232743643
01011110100011001000001000111001 448748199
10000001001101110111111111110101 3997723779
01010101110110011111000000010001 3498015369
00001000111110100111011011101101 847541013
00110010001010010001001000111111 4014388803
10110110011101110101101111110101 2684450565
01000111111100011101001111001111 69857277
00011011110111010101101110101111 736401903
01111111101110010000010001011101 524707095
11011100111110101001101011101011 3968341785
00000110000010010110000111100001 245082339
10100011000100101001010011101111 3598197147
11101001101000110010010100010101 3038010621
01110100100100111100010110010011 1312885191
01011101010001110111101010101011 3216378087
00010010110110010001100100100011 1898218329
10000100010011001101010000001101 429767823
01100110100001111010110000001001 1069603737
00110011000101100101110010001011 1190820975
00010011100111110101010110100111 559357917
10101010001000001000100001001101 1647257493
00000000000000000000001000100011 3
00000000000001001011101111101001 9
11100100010110001010101000000001 81
00001101101000001000101101011011 6561
10011010011010001101111010101001 43046721
01100110010011111111001001100111 324452271
01101110100110101011001010001101 2645627583
01110001111100100111100101111101 223271487
00111100111100110001011111101001 2662540575
10000000100101101111111001011101 319481349
01101110101011110011001011001011 2232743643
01011110100011001000001000111001 448748199
10000001001101110111111111110101 3997723779
01010101110110011111000000010001 3498015369
00001000111110100111011011101101 847541013
00110010001010010001001000111111 4014388803
10110110011101110101101111110101 2684450565
01000111111100011101001111001111 69857277
00011011110111010101101110101111 736401903
01111111101110010000010001011101 524707095
11011100111110101001101011101011 3968341785
00000110000010010110000111100001 245082339
10100011000100101001010011101111 3598197147
11101001101000110010010100010101 3038010621
01110100100100111100010110010011 1312885191
01011101010001110111101010101011 3216378087
00010010110110010001100100100011 1898218329
10000100010011001101010000001101 429767823
01100110100001111010110000001001 1069603737
00110011000101100101110010001011 1190820975
00010011100111110101010110100111 559357917
10101010001000001000100001001101 1647257493
00000000000000000000001000100011 3
00000000000001001011101111101001 9
11100100010110001010101000000001 81
00001101101000001000101101011011 6561
10011010011010001101111010101001 43046721
01100110010011111111001001100111 324452271
01101110100110101011001010001101 2645627583
01110001111100100111100101111101 223271487
00111100111100110001011111101001 2662540575
10000000100101101111111001011101 319481349
01101110101011110011001011001011 2232743643
01011110100011001000001000111001 448748199
10000001001101110111111111110101 3997723779
01010101110110011111000000010001 3498015369
00001000111110100111011011101101 847541013
00110010001010010001001000111111 4014388803
10110110011101110101101111110101 2684450565
01000111111100011101001111001111 69857277
00011011110111010101101110101111 736401903
01111111101110010000010001011101 524707095
11011100111110101001101011101011 3968341785
00000110000010010110000111100001 245082339
10100011000100101001010011101111 3598197147
11101001101000110010010100010101 3038010621
01110100100100111100010110010011 1312885191
01011101010001110111101010101011 3216378087
00010010110110010001100100100011 1898218329
10000100010011001101010000001101 429767823
01100110100001111010110000001001 1069603737
00110011000101100101110010001011 1190820975
00010011100111110101010110100111 559357917
10101010001000001000100001001101 1647257493
00000000000000000000001000100011 3
00000000000001001011101111101001 9
11100100010110001010101000000001 81
00001101101000001000101101011011 6561
10011010011010001101111010101001 43046721
01100110010011111111001001100111 324452271
01101110100110101011001010001101 2645627583
01110001111100100111100101111101 223271487
00111100111100110001011111101001 2662540575
10000000100101101111111001011101 319481349
01101110101011110011001011001011 2232743643
01011110100011001000001000111001 448748199
10000001001101110111111111110101 3997723779
01010101110110011111000000010001 3498015369
00001000111110100111011011101101 847541013
00110010001010010001001000111111 4014388803
10110110011101110101101111110101 2684450565
01000111111100011101001111001111 69857277
00011011110111010101101110101111 736401903
01111111101110010000010001011101 524707095
11011100111110101001101011101011 3968341785
00000110000010010110000111100001 245082339
10100011000100101001010011101111 3598197147
11101001101000110010010100010101 3038010621
01110100100100111100010110010011 1312885191
01011101010001110111101010101011 3216378087
00010010110110010001100100100011 1898218329
10000100010011001101010000001101 429767823
01100110100001111010110000001001 1069603737
00110011000101100101110010001011 1190820975
00010011100111110101010110100111 559357917
10101010001000001000100001001101 1647257493
00000000000000000000001000100011 3
00000000000001001011101111101001 9
11100100010110001010101000000001 81
00001101101000001000101101011011 6561
10011010011010001101111010101001 43046721
01100110010011111111001001100111 324452271
01101110100110101011001010001101 2645627583
01110001111100100111100101111101 223271487
00111100111100110001011111101001 2662540575
10000000100101101111111001011101 319481349
01101110101011110011001011001011 2232743643
01011110100011001000001000111001 448748199
10000001001101110111111111110101 3997723779
01010101110110011111000000010001 3498015369
00001000111110100111011011101101 847541013
00110010001010010001001000111111 4014388803
10110110011101110101101111110101 2684450565
01000111111100011101001111001111 69857277
00011011110111010101101110101111 736401903
01111111101110010000010001011101 524707095
11011100111110101001101011101011 3968341785
00000110000010010110000111100001 245082339
10100011000100101001010011101111 3598197147
11101001101000110010010100010101 3038010621
01110100100100111100010110010011 1312885191
01011101010001110111101010101011 3216378087
00010010110110010001100100100011 1898218329
10000100010011001101010000001101 429767823
01100110100001111010110000001001 1069603737
00110011000101100101110010001011 1190820975
00010011100111110101010110100111 559357917
10101010001000001000100001001101 1647257493
00000000000000000000001000100011 3
00000000000001001011101111101001 9
11100100010110001010101000000001 81
00001101101000001000101101011011 6561
10011010011010001101111010101001 43046721
01100110010011111111001001100111 324452271
01101110100110101011001010001101 2645627583
01110001111100100111100101111101 223271487
00111100111100110001011111101001 2662540575
10000000100101101111111001011101 319481349
01101110101011110011001011001011 2232743643
01011110100011001000001000111001 448748199
10000001001101110111111111110101 3997723779
01010101110110011111000000010001 3498015369
00001000111110100111011011101101 847541013
00110010001010010001001000111111 4014388803
10110110011101110101101111110101 2684450565
01000111111100011101001111001111 69857277
00011011110111010101101110101111 736401903
01111111101110010000010001011101 524707095
11011100111110101001101011101011 3968341785
00000110000010010110000111100001 245082339
10100011000100101001010011101111 3598197147
11101001101000110010010100010101 3038010621
01110100100100111100010110010011 1312885191
01011101010001110111101010101011 3216378087
00010010110110010001100100100011 1898218329
10000100010011001101010000001101 429767823
01100110100001111010110000001001 1069603737
00110011000101100101110010001011 1190820975
00010011100111110101010110100111 559357917
10101010001000001000100001001101 1647257493
00000000000000000000001000100011 3
00000000000001001011101111101001 9
11100100010110001010101000000001 81
00001101101000001000101101011011 6561
10011010011010001101111010101001 43046721
01100110010011111111001001100111 324452271
01101110100110101011001010001101 2645627583
01110001111100100111100101111101 223271487
00111100111100110001011111101001 2662540575
10000000100101101111111001011101 319481349
01101110101011110011001011001011 2232743643
01011110100011001000001000111001 448748199
10000001001101110111111111110101 3997723779
01010101110110011111000000010001 3498015369
00001000111110100111011011101101 847541013
00110010001010010001001000111111 4014388803
10110110011101110101101111110101 2684450565
01000111111100011101001111001111 69857277
00011011110111010101101110101111 736401903
01111111101110010000010001011101 524707095
11011100111110101001101011101011 3968341785
00000110000010010110000111100001 245082339
10100011000100101001010011101111 3598197147
11101001101000110010010100010101 3038010621
01110100100100111100010110010011 1312885191
01011101010001110111101010101011 3216378087
00010010110110010001100100100011 1898218329
10000100010011001101010000001101 429767823
01100110100001111010110000001001 1069603737
00110011000101100101110010001011 1190820975
00010011100111110101010110100111 559357917
10101010001000001000100001001101 1647257493
START
-----Testing function 0: Trivial
Homomorphic: 1e+06 homomorphic cases under 1000000 tests
ErrorRatio: 27252 undetected cases in 13702710 error cases 
-----END

-----Testing function 1: LRC
Homomorphic: 0 homomorphic cases under 1000000 tests
ErrorRatio: 52661 undetected cases in 13702833 error cases 
-----END

-----Testing function 2: CRC
Homomorphic: 0 homomorphic cases under 1000000 tests
ErrorRatio: 0 undetected cases in 13702944 error cases 
-----END

-----Testing function 3: None
Homomorphic: 1e+06 homomorphic cases under 1000000 tests
ErrorRatio: 1.37027e+07 undetected cases in 13702712 error cases 
-----END

-----Testing function 4: Fletcher
Homomorphic: 2748 homomorphic cases under 1000000 tests
ErrorRatio: 18 undetected cases in 13703328 error cases 
-----END

-----Testing function 5: Adler
Homomorphic: 229 homomorphic cases under 1000000 tests
ErrorRatio: 6 undetected cases in 13701601 error cases 
-----END

-----Testing function 6: AdlerPro
Homomorphic: 250300 homomorphic cases under 1000000 tests
ErrorRatio: 3030 undetected cases in 13700113 error cases 
-----END

-----Testing function 7: Devide
Homomorphic: 1969 homomorphic cases under 1000000 tests
ErrorRatio: 1.185e+06 undetected cases in 13705281 error cases 
-----END

-----Testing function 8: Multiple
Homomorphic: 1e+06 homomorphic cases under 1000000 tests
ErrorRatio: 3118 undetected cases in 13705056 error cases 
-----END

-----Testing function 9: Paillier
Homomorphic: 1e+06 homomorphic cases under 1000000 tests
ErrorRatio: 0 undetected cases in 13706353 error cases 
-----END

TIME: 3563 second.